1 13
1 746
1 875
1 486
1 792
1 359
1 56
1 315
1 747
1 879
2 746
2 12
2 792
2 700
2 810
2 606
2 883
2 1380
2 1379
2 51
3 399
3 144
3 485
3 181
3 90
3 91
3 5
3 518
3 6
3 584
4 166
4 488
4 236
4 410
4 467
4 185
4 1312
4 349
4 1252
4 966
5 142
5 1209
5 1198
5 1379
5 130
5 552
5 234
5 329
5 1296
5 824
6 385
6 386
6 1273
6 544
6 997
6 1074
6 1308
6 271
6 497
6 1062
7 907
7 57
7 248
7 469
7 492
7 48
7 56
7 354
7 250
7 971
8 232
8 492
8 461
8 469
8 711
8 354
8 57
8 248
8 1193
8 556
9 168
9 5
9 21
9 585
9 623
9 959
9 560
9 748
9 303
9 584
10 302
10 1214
10 691
10 617
10 1150
10 616
10 949
10 621
10 1098
10 649
11 495
11 11
11 1238
11 1327
11 262
11 654
11 1252
11 304
11 160
11 1138
12 624
12 1334
12 590
12 34
12 1222
12 1221
12 941
12 245
12 966
12 939
13 496
13 313
13 1242
13 157
13 468
13 503
13 879
13 121
13 404
13 1290
14 798
14 64
14 265
14 335
14 345
14 1364
14 170
14 256
14 569
14 449
15 82
15 553
15 1098
15 108
15 405
15 463
15 183
15 302
15 949
15 1340
16 106
16 498
16 360
16 192
16 494
16 410
16 802
16 1112
16 233
16 1301
17 106
17 498
17 1281
17 8
17 700
17 360
17 192
17 494
17 410
17 802
18 57
18 248
18 492
18 56
18 469
18 354
18 124
18 907
18 197
18 154
19 1242
19 286
19 313
19 1379
19 714
19 1221
19 78
19 172
19 1087
19 12
20 500
20 270
20 877
20 104
20 902
20 267
20 88
20 653
20 1222
20 299
21 502
21 271
21 1303
21 413
21 193
21 204
21 552
21 441
21 792
21 1111
22 140
22 125
22 413
22 145
22 786
22 493
22 872
22 980
22 254
22 346
23 892
23 1271
23 1
23 1287
23 184
23 1111
23 289
23 141
23 185
23 718
24 756
24 46
24 1317
24 888
24 925
24 724
24 726
24 1294
24 981
24 1362
25 588
25 511
25 214
25 540
25 277
25 231
25 487
25 212
25 221
25 1377
26 611
26 306
26 148
26 207
26 1237
26 1076
26 1182
26 4
26 1365
26 180
27 1132
27 415
27 898
27 485
27 148
27 1124
27 470
27 752
27 602
27 1129
28 1048
28 1235
28 1329
28 415
28 485
28 470
28 433
28 384
28 752
28 675
29 420
29 465
29 222
29 901
29 601
29 900
29 200
29 514
29 683
29 612
30 680
30 633
30 752
30 466
30 601
30 902
30 147
30 465
30 901
30 1186
31 751
31 698
31 1320
31 277
31 920
31 678
31 918
31 895
31 916
31 844
32 752
32 556
32 557
32 27
32 1210
32 898
32 148
32 160
32 1186
32 788
33 516
33 431
33 594
33 1318
33 252
33 1003
33 1004
33 1005
33 1006
33 1007
34 672
34 610
34 431
34 516
34 252
34 608
34 311
34 714
34 109
34 575
35 166
35 1327
35 488
35 654
35 319
35 1203
35 724
35 665
35 75
35 720
36 387
36 319
36 1160
36 303
36 1142
36 1215
36 1300
36 281
36 66
36 119
37 232
37 186
37 461
37 1311
37 126
37 311
37 370
37 121
37 176
37 179
38 536
38 976
38 154
38 138
38 927
38 446
38 1141
38 1368
38 25
38 35
39 337
39 1278
39 40
39 1220
39 79
39 207
39 1264
39 1324
39 43
39 1211
40 536
40 37
40 976
40 589
40 862
40 138
40 588
40 975
40 446
40 1141
41 288
41 1141
41 1196
41 229
41 433
41 154
41 927
41 686
41 29
41 432
42 521
42 440
42 439
42 191
42 526
42 211
42 467
42 1262
42 404
42 222
43 467
43 122
43 1194
43 404
43 916
43 440
43 503
43 194
43 788
43 521
44 665
44 110
44 167
44 405
44 427
44 518
44 583
44 166
44 236
44 317
45 305
45 525
45 540
45 623
45 344
45 573
45 123
45 338
45 345
45 37
46 525
46 623
46 305
46 37
46 1213
46 270
46 1185
46 584
46 352
46 378
47 525
47 304
47 305
47 310
47 1200
47 568
47 308
47 9
47 540
47 663
48 797
48 440
48 526
48 334
48 879
48 26
48 800
48 683
48 1228
48 916
49 476
49 322
49 321
49 527
49 320
49 854
49 376
49 538
49 349
49 981
50 326
50 528
50 1301
50 992
50 192
50 494
50 336
50 410
50 1112
50 1204
51 94
51 326
51 133
51 528
51 106
51 1301
51 192
51 494
51 1112
51 1259
52 326
52 306
52 528
52 211
52 1215
52 21
52 133
52 440
52 1204
52 629
53 208
53 1253
53 524
53 61
53 298
53 1236
53 267
53 329
53 1139
53 269
54 123
54 84
54 623
54 1213
54 555
54 240
54 357
54 626
54 1185
54 332
55 460
55 376
55 1383
55 255
55 1236
55 1282
55 1240
55 397
55 16
55 348
56 871
56 1089
56 441
56 530
56 658
56 749
56 329
56 204
56 205
56 708
57 375
57 1181
57 1338
57 278
57 458
57 1339
57 530
57 495
57 634
57 202
58 785
58 120
58 270
58 1159
58 788
58 509
58 261
58 408
58 539
58 784
59 261
59 785
59 105
59 912
59 382
59 381
59 784
59 23
59 788
59 393
60 322
60 321
60 320
60 476
60 527
60 1073
60 833
60 1311
60 150
60 159
61 539
61 566
61 564
61 283
61 1258
61 1192
61 565
61 533
61 754
61 784
62 533
62 483
62 1384
62 325
62 116
62 475
62 485
62 105
62 1260
62 249
63 204
63 971
63 866
63 678
63 883
63 415
63 352
63 411
63 287
63 1133
64 718
64 239
64 52
64 1252
64 137
64 830
64 1311
64 1048
64 461
64 904
65 388
65 180
65 3
65 664
65 1370
65 393
65 4
65 1366
65 207
65 327
66 576
66 973
66 389
66 590
66 453
66 484
66 664
66 1282
66 1138
66 4
67 180
67 3
67 664
67 1370
67 393
67 388
67 4
67 458
67 207
67 327
68 628
68 661
68 662
68 1215
68 81
68 1388
68 343
68 535
68 800
68 1263
69 155
69 459
69 977
69 570
69 1138
69 255
69 307
69 349
69 1193
69 111
70 349
70 155
70 459
70 977
70 570
70 255
70 307
70 111
70 327
70 4
71 540
71 305
71 573
71 1364
71 1299
71 323
71 256
71 63
71 310
71 537
72 1080
72 244
72 1191
72 1082
72 413
72 361
72 564
72 630
72 668
72 670
73 332
73 541
73 410
73 1296
73 577
73 573
73 103
73 25
73 1112
73 192
74 1153
74 576
74 876
74 575
74 1098
74 68
74 280
74 608
74 1155
74 355
75 584
75 551
75 240
75 303
75 619
75 128
75 324
75 1300
75 1079
75 1033
76 667
76 670
76 666
76 1191
76 668
76 1080
76 1082
76 803
76 238
76 1299
77 667
77 1191
77 668
77 670
77 1080
77 666
77 238
77 1384
77 179
77 188
78 589
78 138
78 592
78 216
78 590
78 426
78 543
78 523
78 214
78 237
79 205
79 1066
79 593
79 1062
79 1378
79 1104
79 1367
79 1384
79 567
79 950
80 917
80 790
80 1335
80 1345
80 1317
80 441
80 947
80 599
80 748
80 781
81 799
81 714
81 597
81 631
81 15
81 1286
81 226
81 790
81 126
81 131
82 1334
82 677
82 676
82 924
82 783
82 247
82 637
82 1332
82 705
82 1261
83 1060
83 1230
83 27
83 468
83 1108
83 1179
83 1210
83 1330
83 121
83 706
84 294
84 522
84 398
84 1281
84 101
84 283
84 1185
84 98
84 923
84 387
85 418
85 96
85 109
85 311
85 1155
85 608
85 431
85 516
85 575
85 594
86 594
86 755
86 790
86 598
86 878
86 608
86 280
86 311
86 344
86 595
87 572
87 569
87 526
87 71
87 134
87 610
87 72
87 655
87 211
87 439
88 548
88 622
88 613
88 614
88 616
88 615
88 619
88 621
88 618
88 620
89 793
89 797
89 679
89 222
89 464
89 226
89 916
89 632
89 1338
89 1290
90 416
90 1187
90 457
90 1160
90 1257
90 136
90 1052
90 1295
90 866
90 883
91 800
91 799
91 610
91 672
91 252
91 797
91 315
91 879
91 520
91 923
92 811
92 804
92 834
92 758
92 985
92 684
92 1124
92 683
92 808
92 1243
93 635
93 691
93 986
93 1150
93 853
93 271
93 688
93 1159
93 1336
93 1269
94 559
94 1393
94 35
94 437
94 303
94 1099
94 24
94 524
94 1161
94 438
95 662
95 1258
95 283
95 240
95 370
95 1384
95 689
95 635
95 560
95 21
96 698
96 637
96 705
96 1334
96 247
96 1332
96 632
96 699
96 561
96 250
97 1331
97 882
97 783
97 1327
97 356
97 371
97 440
97 262
97 790
97 725
98 638
98 631
98 792
98 748
98 139
98 679
98 1084
98 238
98 176
98 222
99 639
99 719
99 716
99 32
99 499
99 983
99 67
99 944
99 958
99 717
100 1122
100 739
100 822
100 741
100 740
100 760
100 1171
100 932
100 953
100 885
101 1119
101 1067
101 825
101 820
101 818
101 1120
101 491
101 817
101 863
101 1282
102 910
102 913
102 1242
102 313
102 119
102 1001
102 728
102 729
102 516
102 110
103 761
103 1127
103 1050
103 440
103 770
103 771
103 826
103 1048
103 1049
103 1128
104 863
104 762
104 910
104 1316
104 913
104 821
104 1230
104 938
104 1096
104 818
105 764
105 848
105 846
105 847
105 953
105 763
105 844
105 1071
105 1036
105 1037
106 847
106 344
106 878
106 764
106 846
106 1036
106 1037
106 1038
106 1039
106 1040
107 725
107 911
107 497
107 909
107 640
107 720
107 47
107 1165
107 834
107 209
108 726
108 866
108 75
108 883
108 720
108 640
108 727
108 723
108 724
108 881
109 51
109 142
109 1361
109 982
109 877
109 658
109 606
109 1104
109 29
109 546
110 412
110 424
110 644
110 1397
110 1126
110 735
110 862
110 1055
110 1399
110 260
111 894
111 658
111 15
111 627
111 285
111 864
111 914
111 856
111 857
111 391
112 641
112 730
112 731
112 422
112 648
112 735
112 734
112 1054
112 955
112 425
113 205
113 1328
113 748
113 701
113 685
113 1104
113 1333
113 272
113 1272
113 441
114 895
114 780
114 919
114 918
114 916
114 783
114 1338
114 1290
114 164
114 975
115 13
115 875
115 746
115 540
115 66
115 486
115 187
115 685
115 1198
115 811
116 632
116 1218
116 545
116 250
116 677
116 561
116 887
116 1334
116 1243
116 247
117 1328
117 1032
117 927
117 1115
117 1092
117 952
117 434
117 1207
117 440
117 1075
118 923
118 172
118 610
118 672
118 230
118 229
118 246
118 1345
118 924
118 520
119 1122
119 114
119 1068
119 1133
119 381
119 1145
119 765
119 926
119 912
119 1129
120 769
120 887
120 886
120 891
120 852
120 897
120 841
120 847
120 1068
120 739
121 887
121 75
121 837
121 1056
121 769
121 891
121 1146
121 31
121 886
121 29
122 931
122 1100
122 898
122 897
122 937
122 957
122 1070
122 1118
122 934
122 930
123 941
123 34
123 1222
123 1076
123 389
123 939
123 967
123 254
123 1250
123 309
124 941
124 171
124 931
124 1001
124 1395
124 1100
124 898
124 1150
124 904
124 73
125 1074
125 993
125 1075
125 1093
125 997
125 1062
125 923
125 519
125 911
125 992
126 974
126 1288
126 1326
126 397
126 368
126 969
126 1265
126 451
126 337
126 711
127 5
127 981
127 160
127 1311
127 155
127 459
127 1317
127 977
127 1085
127 1100
128 945
128 92
128 1246
128 1063
128 111
128 1250
128 367
128 758
128 984
128 988
129 989
129 988
129 945
129 376
129 4
129 99
129 255
129 165
129 622
129 660
130 948
130 982
130 658
130 727
130 51
130 142
130 15
130 1361
130 627
130 728
131 950
131 1125
131 1017
131 1018
131 1019
131 1020
131 1021
131 1022
131 1023
131 1024
132 950
132 1017
132 1018
132 1019
132 1020
132 1021
132 1022
132 1023
132 1024
132 1025
133 950
133 1017
133 1018
133 1019
133 1020
133 1021
133 1022
133 1023
133 1024
133 1025
134 1012
134 951
134 897
134 1017
134 1018
134 1019
134 1020
134 1021
134 1022
134 1023
135 1017
135 1018
135 1019
135 1020
135 1021
135 1022
135 1023
135 1024
135 1025
135 1026
136 831
136 1033
136 897
136 1017
136 1018
136 1019
136 1020
136 1021
136 1022
136 1023
137 952
137 1032
137 1172
137 847
137 1125
137 1171
137 953
137 841
137 843
137 889
138 953
138 847
138 852
138 846
138 764
138 848
138 841
138 769
138 1123
138 844
139 953
139 847
139 846
139 764
139 1129
139 723
139 848
139 841
139 852
139 1171
140 954
140 1041
140 30
140 195
140 497
140 1045
140 1046
140 1047
140 47
140 1327
141 1041
141 160
141 828
141 954
141 953
141 1138
141 1100
141 836
141 1135
141 885
142 1175
142 1136
142 852
142 953
142 885
142 1219
142 851
142 887
142 935
142 846
143 954
143 1041
143 930
143 828
143 1360
143 1045
143 1046
143 1047
143 953
143 1138
144 1045
144 1046
144 1047
144 841
144 1178
144 763
144 839
144 955
144 1360
144 1051
145 1045
145 1046
145 1047
145 1048
145 954
145 928
145 826
145 1176
145 838
145 1360
146 1045
146 1046
146 1047
146 955
146 928
146 742
146 1176
146 838
146 840
146 936
147 956
147 1049
147 1050
147 1128
147 1358
147 391
147 1392
147 931
147 1397
147 1069
148 1048
148 826
148 1050
148 761
148 1127
148 928
148 1069
148 1146
148 820
148 1174
149 930
149 1361
149 1363
149 830
149 1056
149 931
149 937
149 957
149 1070
149 741
150 1062
150 1074
150 1075
150 923
150 285
150 687
150 593
150 630
150 1140
150 230
151 677
151 225
151 783
151 924
151 1261
151 917
151 676
151 1185
151 370
151 1262
152 671
152 291
152 632
152 333
152 76
152 443
152 416
152 1257
152 1334
152 1332
153 1085
153 1088
153 1063
153 1081
153 1079
153 551
153 228
153 479
153 1082
153 150
154 1088
154 1087
154 551
154 1262
154 470
154 485
154 1079
154 1382
154 1054
154 684
155 76
155 505
155 587
155 1097
155 1100
155 1287
155 1101
155 1096
155 1099
155 805
156 1096
156 553
156 82
156 818
156 892
156 587
156 1097
156 1100
156 184
156 1111
157 1214
157 456
157 25
157 812
157 994
157 576
157 505
157 294
157 1281
157 1153
158 302
158 949
158 108
158 405
158 691
158 463
158 958
158 183
158 1340
158 364
159 1066
159 1197
159 1112
159 849
159 708
159 192
159 494
159 42
159 1259
159 927
160 1071
160 891
160 763
160 769
160 846
160 1134
160 831
160 827
160 885
160 1121
161 1185
161 1386
161 54
161 1192
161 784
161 1366
161 23
161 62
161 460
161 55
162 55
162 62
162 54
162 784
162 255
162 1366
162 23
162 460
162 611
162 376
163 57
163 56
163 492
163 48
163 354
163 1077
163 37
163 359
163 1311
163 469
164 416
164 1187
164 457
164 311
164 1257
164 291
164 76
164 333
164 710
164 1282
165 504
165 978
165 1268
165 72
165 49
165 209
165 16
165 348
165 460
165 1301
166 504
166 1364
166 73
166 72
166 256
166 209
166 569
166 55
166 16
166 348
167 1098
167 1185
167 1279
167 1193
167 1318
167 1379
167 12
167 746
167 572
167 552
168 467
168 777
168 118
168 750
168 369
168 301
168 1182
168 570
168 985
168 648
169 249
169 467
169 777
169 990
169 118
169 750
169 369
169 276
169 301
169 1182
170 893
170 239
170 238
170 904
170 905
170 1191
170 1082
170 668
170 670
170 1080
171 431
171 516
171 594
171 1318
171 252
171 1003
171 1004
171 1005
171 1006
171 1007
172 322
172 321
172 320
172 476
172 527
172 981
172 1311
172 731
172 1138
172 1240
173 532
173 1073
173 850
173 853
173 367
173 1086
173 1087
173 931
173 479
173 451
174 483
174 501
174 411
174 1287
174 228
174 866
174 1140
174 883
174 533
174 96
175 1080
175 1191
175 668
175 670
175 666
175 667
175 238
175 1082
175 53
175 34
176 542
176 869
176 164
176 160
176 586
176 963
176 399
176 518
176 181
176 584
177 590
177 543
177 138
177 592
177 216
177 589
177 426
177 42
177 214
177 237
178 138
178 592
178 216
178 589
178 990
178 590
178 426
178 236
178 543
178 523
179 224
179 278
179 468
179 677
179 194
179 313
179 703
179 1174
179 379
179 987
180 622
180 548
180 616
180 882
180 184
180 710
180 719
180 32
180 620
180 1103
181 1074
181 1075
181 993
181 997
181 1062
181 1093
181 221
181 1377
181 923
181 519
182 634
182 687
182 285
182 593
182 766
182 26
182 503
182 685
182 701
182 686
183 804
183 811
183 808
183 1243
183 925
183 1045
183 1046
183 1047
183 1247
183 439
184 1379
184 254
184 274
184 1217
184 1219
184 1391
184 309
184 32
184 117
184 1333
185 856
185 857
185 15
185 658
185 627
185 285
185 864
185 914
185 772
185 878
186 1074
186 230
186 923
186 610
186 672
186 1062
186 1075
186 433
186 993
186 520
187 763
187 846
187 839
187 1071
187 831
187 936
187 827
187 841
187 764
187 848
188 725
188 722
188 911
188 497
188 720
188 909
188 640
188 997
188 1279
188 1074
189 640
189 252
189 767
189 1166
189 1088
189 1177
189 677
189 1185
189 868
189 783
190 627
190 285
190 15
190 658
190 864
190 914
190 948
190 856
190 857
190 391
191 15
191 658
191 627
191 1392
191 728
191 285
191 864
191 914
191 660
191 727
192 734
192 641
192 735
192 647
192 777
192 1202
192 551
192 1135
192 1212
192 642
193 730
193 1088
193 641
193 400
193 735
193 1224
193 734
193 425
193 1396
193 422
194 642
194 932
194 740
194 822
194 888
194 928
194 1122
194 744
194 1293
194 1051
195 642
195 932
195 822
195 888
195 928
195 1122
195 1055
195 1293
195 1054
195 1051
196 875
196 142
196 746
196 540
196 1177
196 500
196 486
196 187
196 685
196 13
197 881
197 884
197 50
197 945
197 1318
197 869
197 768
197 761
197 867
197 726
198 886
198 897
198 440
198 739
198 890
198 1173
198 741
198 769
198 952
198 740
199 930
199 1294
199 1361
199 1363
199 830
199 1056
199 931
199 1362
199 937
199 957
200 1134
200 1138
200 1071
200 159
200 1041
200 828
200 954
200 953
200 1073
200 702
201 1299
201 625
201 578
201 410
201 1391
201 1252
201 536
201 69
201 501
201 1245
202 1285
202 1231
202 1303
202 923
202 1378
202 19
202 194
202 605
202 655
202 316
203 923
203 1261
203 1308
203 482
203 1133
203 833
203 1311
203 44
203 29
203 781
204 1184
204 38
204 370
204 139
204 1261
204 197
204 1064
204 1216
204 1378
204 496
205 1287
205 133
205 1254
205 49
205 661
205 155
205 459
205 629
205 1278
205 1365
206 1290
206 205
206 252
206 598
206 879
206 651
206 1354
206 876
206 204
206 1353
207 458
207 862
207 1185
207 623
207 365
207 481
207 622
207 344
207 649
207 70
208 1291
208 1201
208 1204
208 1344
208 1217
208 1219
208 1342
208 368
208 415
208 811
209 1278
209 526
209 23
209 1225
209 375
209 1182
209 1385
209 547
209 16
209 348
210 1172
210 1171
210 831
210 1125
210 887
210 891
210 1128
210 886
210 897
210 1132
211 891
211 886
211 897
211 739
211 890
211 1173
211 846
211 1068
211 831
211 741
212 1146
212 823
212 1121
212 870
212 888
212 1050
212 642
212 1178
212 1176
212 1045
213 885
213 822
213 769
213 642
213 888
213 928
213 1122
213 887
213 891
213 823
214 1294
214 1362
214 830
214 831
214 828
214 1036
214 1037
214 1038
214 1039
214 1040
215 357
215 535
215 707
215 68
215 1234
215 1183
215 411
215 985
215 1104
215 328
216 19
216 971
216 330
216 1064
216 512
216 675
216 1077
216 345
216 117
216 38
217 559
217 283
217 666
217 65
217 501
217 1264
217 946
217 303
217 1274
217 1319
218 559
218 283
218 666
218 101
218 1147
218 1393
218 36
218 294
218 522
218 1281
219 149
219 361
219 1367
219 53
219 1080
219 1256
219 1082
219 1191
219 1107
219 992
220 1365
220 458
220 382
220 4
220 784
220 23
220 292
220 336
220 460
220 105
221 1366
221 435
221 54
221 1386
221 352
221 266
221 122
221 62
221 787
221 388
222 1399
222 400
222 1070
222 1400
222 1396
222 1398
222 1130
222 180
222 393
222 664
223 400
223 1398
223 1399
223 1400
223 863
223 1396
223 392
223 180
223 393
223 664
224 236
224 1286
224 1298
224 491
224 656
224 170
224 1314
224 1252
224 1157
224 1264
225 1188
225 1344
225 1380
225 423
225 1291
225 372
225 893
225 367
225 999
225 58
